
eps_end = 0.01
annealing_num_steps = 1_000_000

Index of terminated indices: tensor([13938, 14065, 15059, 20535, 21831, 23322, 28798, 29636, 30005, 30929,
        32366, 32446, 33742, 34231, 34478, 34729, 34874, 35335, 35719, 36169,
        36265, 36344, 37199, 37355, 37722, 37818, 38110, 38514, 38849, 39029,
        40023, 41288, 41583, 41676, 42436, 42506, 43119, 43398, 43476, 43693,
        43788, 43959, 44067, 44505, 44765, 44836, 45473, 45559, 46203, 46329,
        46410, 46810, 46895, 47073, 47178, 47606, 47725, 48473, 48580, 48661,
        49301, 49506, 49592, 49785, 50000, 50175, 50345, 50477, 50553, 51641,
        51887, 51996, 52089, 52217, 52308, 52607, 52886, 53016, 53186, 53389,
        54077, 54179, 54293, 54402, 54593, 54736, 54850, 54944, 55046, 55142,
        55258, 55378, 55478, 55567, 55694, 55803, 56095, 56403, 56595, 56718,
        56891])
last length: tensor([173])
Min length: 70
Solved after 519000 steps, 1620 episodes with max_length = 70.
2025-02-03 21:34:28,803 [torchrl][INFO] solved after 519000 steps, 1620 episodes and in 159.9224226474762s.