2025-02-03 20:10:11,369 [torchrl][INFO] Max num steps: 78, rb length 60100  i=600, loss=0.3252204358577728 exploratio0564, 300564, 30923,
        31141, 31489, 31688, 32688, 33085, 33175, 34478, 36376, 36627, 36793,
        37151, 37464, 38215, 39117, 39399, 39694, 40505, 41289, 42062, 42272,
        42423, 42691, 42988, 43102, 43377, 43651, 44285, 44587, 45239, 45575,
        46363, 46793, 47011, 47355, 47575, 47905, 48305, 48529, 48831, 49210,
        49420, 49714, 49816, 50050, 50294, 50572, 50991, 51207, 51519, 51704,
        51999, 52269, 52499, 52694, 52776, 52862, 52974, 53053, 53138, 53410,
        53501, 53763, 53883, 53973, 54098, 54348, 54513, 54762, 55399, 55671,
        55797, 56375, 56487, 56695, 56877, 57119, 57300, 57494, 57792, 58070,
        58308, 58634, 58735, 59011, 59247, 59438, 59649, 59786, 59882, 59999,
        60193])
last length: tensor([194])
Min length: 78
Solved after 552000 steps, 1610 episodes with max_length = 78.
2025-02-03 20:10:11,670 [torchrl][INFO] solved after 552000 steps, 1610 episodes and in 169.48287630081177s.
